7790375269715.0;
7790375269661.0;
7790375269722.0;
7790375269678.0;
7790375269739.0;
7790375269685.0;
7790375269760.0;
7790375269746.0;
7790375269784.0;
7790375269692.0;
7790375269777.0;
7509552816099.0;
7509552876437.0;
7509552791853.0;
7509552851625.0;
7509552851618.0;
7509552902822.0;
7509552851601.0;
7509552902389.0;
7798331856658.0;
7798029291433.0;
7798029291440.0;
7798029268763.0;
7798029268794.0;
7798029290047.0;
7798029299347.0;
7798029299354.0;
7798029299330.0;
7798029291105.0;
7798029290986.0;
7798029290993.0;
7798029290016.0;
7798029291075.0;
7798029291266.0;
7791293044477.0;
7792981010071.0;
7792981010026.0;
7796285120214.0;
7796285120191.0;
7795312108317.0;
7791984000119.0;
7795371459672.0;
7795371459603.0;
7500435178686.0;
7500435178853.0;
7790770602117.0;
7790770602285.0;
7790770602261.0;
7790770602216.0;
7702018874781.0;
48526053643.0;
48526220007.0;
48526005024.0;
48526004782.0;
48526061310.0;
48526066070.0;
48526062003.0;
48526061457.0;
7791600162581.0;
7791600162474.0;
7791600162146.0;
7791600596576.0;
7791600037239.0;
7791600037345.0;
7791600018450.0;
7791600162252.0;
7791600099350.0;
7791600162030.0;
7791600162368.0;
7791600603465.0;
7795371459665.0;
7795371459443.0;
7795371459504.0;
7795371459627.0;