8411061074572.0;
8411061036976.0;
8411061067581.0;
8411061067543.0;
8411061074657.0;
8411061074558.0;
8411061982617.0;
8411061982105.0;
8411061636275.0;
8411061849330.0;
8411061944684.0;
8411061944653.0;
8411061860441.0;
8411061860410.0;
8411061819623.0;
8411061784273.0;
8411061784280.0;
8411061081426.0;
8411061917510.0;
8411061722756.0;
8411061727935.0;
8411061057643.0;
8411061059548.0;
8411061035030.0;
8411061034972.0;
8411061999332.0;
8411061971857.0;
8411061971925.0;
8411061080641.0;
8411061081044.0;
8411061860564.0;
8411061820100.0;
8410190619302.0;
8410190609105.0;
8410190609129.0;
8410190612525.0;
8410190619296.0;
8411061034989.0;
7798336947948.0;
7798336942264.0;
8433982018701.0;
8433982018756.0;
8433982022432.0;
7798336947566.0;
7798336943155.0;
7798336946149.0;
7798336946156.0;
7798336944114.0;
7798336946484.0;
7798336944107.0;
7798336948495.0;
7798336946842.0;
7798336944138.0;
7798336946491.0;
7798336944121.0;
7798336949232.0;
7798336949249.0;
7798336949348.0;
7798336949355.0;
8411061876008.0;
8411061823033.0;
8411061823026.0;
8411061972229.0;
8411061697283.0;
8411061722176.0;
8411061063095.0;
8411061783368.0;
8411061944189.0;
8411061972212.0;
8411061029640.0;
8411061029619.0;
8411061057735.0;
8411061000922.0;
8411061000915.0;
8411061085301.0;
8411061916964.0;
8411061916933.0;
8411061722169.0;
8411061697290.0;
8411061783375.0;
8411061944202.0;
7798422000359.0;
7798422000366.0;
