7798014068040.0;
8710428020161.0;
8710428020123.0;
70074112459.0;
8445291102095.0;
7509552876420.0;
7509552816204.0;
7509552815269.0;
7509552903423.0;
7509552907759.0;
7509552902341.0;
7509552902853.0;
7509552902839.0;
7509552791440.0;
7509552791433.0;
7509552925906.0;
7509552925883.0;
7509552840353.0;
7509552791860.0;
7509552902433.0;
7509552902402.0;
7509552903416.0;
7509552902532.0;
7509552902525.0;
7509552876413.0;
7509552902112.0;
7791293049762.0;
7791293049731.0;
758890941902.0;
758890941872.0;
758890941889.0;
7798158489954.0;
7798158489961.0;
7798034744757.0;
7798034749943.0;
7798034749950.0;
7509546692135.0;
7891024036570.0;
7891024068007.0;
7793100130243.0;
7891024019610.0;
7891024030813.0;
7794640173028.0;
7794640173042.0;
7794640173219.0;
7891024009482.0;
8718951193611.0;
8718951193581.0;
7891024020180.0;
8718951456440.0;
8718951213524.0;
8718951193642.0;
7891024020173.0;
7891024020197.0;
7891024020210.0;
7500435177030.0;
792981063114.0;
7792981063084.0;
7792981070426.0;
7792981070433.0;
7792981063015.0;
7792981063022.0;
7792981063039.0;
7792981063008.0;
7792981060137.0;
7792981060120.0;
7795379101078.0;
7795312109130.0;
7790375003135.0;
7790375003234.0;
7790375267636.0;
7790375269203.0;
7795379101085.0;
7791984000997.0;
7791984100024.0;
7791984100031.0;
7798139075305.0;
758890952335.0;
758890952342.0;
7798139075312.0;
758890952359.0;
7796285286903.0;
7794640172014.0;
7794640172021.0;
7794640141911.0;
7794640141713.0;
7794640141720.0;
7791984001079.0;
7798084684133.0;
7798140254225.0;
7792175007474.0;
7798140256557.0;
7794640130694.0;
7794640130700.0;
7794640131400.0;
7500435233057.0;
7500435178884.0;
77976239.0;
7791293048468.0;
7791293048536.0;
7500435206402.0;
7891010254797.0;
7891010254773.0;
7891010254766.0;
7891010254803.0;
7891010254780.0;
77987983.0;
7791293044453.0;
7500435198097.0;
7500435198110.0;
47400188082.0;
7500435113465.0;
7791293050522.0;
7791519704055.0;
7790064104822.0;
7790064104839.0;
7790064104808.0;
7790064104853.0;
7796285288730.0;
7796285283100.0;
7798332022014.0;
7798332022021.0;
7798332022038.0;
7798332020324.0;
7798332020317.0;
7791600169138.0;
7791600037123.0;
7798175719126.0;
7798175719973.0;
7798332020638.0;
7791984000492.0;
7790375269210.0;
7795379100811.0;
7795379100064.0;
7795379100057.0;
7795379100903.0;
7795379100248.0;
7792981070389.0;
7791984999918.0;
7791984999925.0;