763571787809.0;
763571787854.0;
763571787816.0;
763571787823.0;
763571787830.0;
763571787830.0;
763571787847.0;
763571787861.0;
763571787762.0;
763571787762.0;
763571787779.0;
763571787779.0;
763571787885.0;
7798422000021.0;
8411061067383.0;
8410190619326.0;
8410190558991.0;
3360372058878.0;
3360372058861.0;
3360372100515.0;
3614272907652.0;
3614270365980.0;
3605521816511.0;
3605521816580.0;
3614271994806.0;
8433982018718.0;
8433982022449.0;
3614225309151.0;
3616302923274.0;
8411061865408.0;
8411061894026.0;
8411061996539.0;
8411061994696.0;
8411061974759.0;
8411061972656.0;
8411061853160.0;
8411061853115.0;
8411061896259.0;
8411061865439.0;
8411061865460.0;
8411061021682.0;
8411061869406.0;
8411061723760.0;
8411061869253.0;
8411061781197.0;
8411061777183.0;
8411061777176.0;
8411061027837.0;
8411061027813.0;
8411061923245.0;
8411061607176.0;
8411061607169.0;
8411061665022.0;
8411061665039.0;
8411061934234.0;
8411061823514.0;
8411061819838.0;
8411061026342.0;
3348901368247.0;
3348901368254.0;
3348901250153.0;
88300107407.0;
3414202011820.0;
3616302038381.0;
3616302038794.0;
3414202000572.0;
3616302932283.0;
3414202000565.0;
3423473020233.0;
3423473020257.0;
3423473020264.0;
737052079080.0;
3423222051754.0;
3423473020523.0;
3423473020509.0;
737052275963.0;
3423222066123.0;
737052276601.0;
8435415030908.0;
3274870373251.0;
3274870374265.0;
3274872400719.0;
3274872400726.0;
3274872438828.0;
3274872400733.0;
3274872438835.0;
8431754340616.0;
8431754341019.0;
8431754502519.0;
3614272629387.0;
3423470311365.0;
3423470311358.0;
3352818516806.0;
3352818517803.0;
3605532612690.0;
3137370180333.0;
3137370180760.0;
3137370353355.0;
3349668555123.0;
3349668595945.0;
3349668594603.0;
3349668594429.0;
3349668594412.0;
3349668515660.0;
3349668589678.0;
3349668515653.0;
3349668599110.0;
3349668599080.0;
3349668572045.0;
3349668571970.0;
3349668508471.0;
3349668508488.0;
3349668508587.0;
3349668528653.0;
3349668528660.0;
3349668528677.0;
3349668599424.0;
3349668599448.0;
3349668599417.0;
3349668600304.0;
3349668601073.0;
3349666007921.0;
3349668582839.0;
3349668579839.0;
3349666007891.0;
3349668579822.0;
3349668601042.0;
3349668582297.0;
3349668608423.0;
3349668582365.0;
3349668545759.0;
8411061996218.0;
8411061934654.0;
8411061975534.0;
8411061067772.0;
22548040126.0;
22548151648.0;
22548055380.0;
22548040119.0;
22548420126.0;
22548420140.0;
22548024324.0;
22548055373.0;
22548024317.0;
