7798026345269.0;
7622201818609.0;
7622201492717.0;
7622201492465.0;
7622300800277.0;
7622300800284.0;
7622300800260.0;
7798140257431.0;
7798140257417.0;
7798140257424.0;
7791249020104.0;
7622201818654.0;
7791249020074.0;
7790416066525.0;
7790416066624.0;
7790416066426.0;
7891000250365.0;
7613287392466.0;
7509552874204.0;
7500435209694.0;
7791293050546.0;
7791293050577.0;
7791293050553.0;
7791293050560.0;
7791293050584.0;
7791293049793.0;
7791293049809.0;
7791293049786.0;
7790375268398.0;
7790375268404.0;
7790375268411.0;
7790375268435.0;
7790375267766.0;
7798024570199.0;
7798024570205.0;
7794207085429.0;
7794207085436.0;
7794207084842.0;
7794207084859.0;
7794207084835.0;
7794207085238.0;
7792175010207.0;
7792175010603.0;
7792175010221.0;
7794207085108.0;
7794207085115.0;
7794207085122.0;
7509546686912.0;
7509546686585.0;
7509546079271.0;
7509546673042.0;
7798097326679.0;
7891010255411.0;
7891010255237.0;
7891010254452.0;
7891010255350.0;
7891010255343.0;
7791293048543.0;
7792981066115.0;
7792981070440.0;
7792981066108.0;
7798367640108.0;
7798367640115.0;
7792981025020.0;
7792981025037.0;
7798174260353.0;
7798174260384.0;
7798174260124.0;
7798174261398.0;
7798174261015.0;
7798174261022.0;
7798174260988.0;
7798174260933.0;
7798174260469.0;
7798174260452.0;
7798367640238.0;
7798367640214.0;
7798367640023.0;
7798367640016.0;
7792981001512.0;
7792981001505.0;
7792981062018.0;
7792981062025.0;
7792981062032.0;
7792981060021.0;
7792981060113.0;
7792981060052.0;
652217904321.0;
7793640215486.0;
7790375001285.0;
7798024570717.0;
7798006302480.0;
7798006302039.0;
7796285277154.0;
7798024570809.0;
7795354033103.0;
7795354000204.0;
7795334000019.0;
7795334373656.0;
7795334000347.0;
7790375252090.0;
7798024570267.0;
7798024570359.0;
7798006300387.0;
7792369000625.0;
7798024550924.0;
7798024550573.0;
7798024550566.0;
7798024550689.0;
7798024550672.0;
7798024550849.0;
7798024550504.0;
7798024550467.0;
7798024550481.0;
7798024550498.0;
7798024550863.0;
7798024550177.0;
7798024550160.0;
7795334050304.0;
7795334531780.0;
7796363000506.0;
7796363002395.0;
7798140258605.0;
7798140256571.0;
7798140257332.0;
650240006647.0;
7796363002609.0;
7798006302374.0;
7798006302091.0;
7796285288938.0;
7796285288907.0;
7796285279493.0;
7796285291273.0;
7798024570014.0;
7798050060152.0;
7798050061661.0;
7796285279844.0;
7796285275273.0;
7796285283087.0;
7794207084668.0;
7795354820147.0;
7795354197003.0;
7795354820208.0;
7791984999475.0;
7791984000638.0;
7791984000621.0;
7798038289247.0;
7796285279806.0;
7796285292973.0;
7795334167118.0;
7795334061034.0;
7798024570052.0;
7798024570625.0;
7798024570069.0;
7798024570137.0;
7798024570373.0;
7798024570243.0;
7794207083968.0;
737186948863.0;
7798050063573.0;
7798050060503.0;
7798032936109.0;
7798032936116.0;
7796285293734.0;
7796285286491.0;
7795334257130.0;
7798050063627.0;
7798050060510.0;
7798006300059.0;
7795334428868.0;
7798050061449.0;
7798050061432.0;
7798050061456.0;
7798032934150.0;
7798032934556.0;
7791984999666.0;
7791984999697.0;
7791824112743.0;
7791824000538.0;
7791824000545.0;
7791824118158.0;
7791824118240.0;
7795381001625.0;
7795381001632.0;
7791824118202.0;
7795381411134.0;
7798006300868.0;
7795334000446.0;
7795334245021.0;
7798050060282.0;
7798032936734.0;
7798032936741.0;
7798050061388.0;
7798050061395.0;
7798140253426.0;
7792369000212.0;
7791984999833.0;
7791984999802.0;
7791984999857.0;
7791984999864.0;
7798050061838.0;
7798050060480.0;
7795334176516.0;
7795334542137.0;
7795334176523.0;
7796285275426.0;
7796285275433.0;
7796285275440.0;
7796285275457.0;
7798050064235.0;
7791984000799.0;
7791984000775.0;
7798140252917.0;
7798140257288.0;
7798050060671.0;
7798050060756.0;
7794207085399.0;
7798050061586.0;
7798050061593.0;
7792175010481.0;
7792175009652.0;
7792175009645.0;
7792175009669.0;
7792175009676.0;
7792175009683.0;
7792175009706.0;
7798140250425.0;
7798140250432.0;
7798140251781.0;
7798084687691.0;
7795347949497.0;
7795347949510.0;
7795347000969.0;
7795359000865.0;
7798006302916.0;
7798050061753.0;
7798050060442.0;
7792369002568.0;
781159759246.0;
781159759253.0;
7795354680024.0;
7791984001147.0;
7798050060411.0;
7798050063832.0;
7798050061326.0;
7798140253334.0;
7798140250470.0;
7798140258636.0;
7798050060602.0;
7798140256182.0;
7798024550658.0;
7798024550665.0;
7798024550801.0;
7794207085306.0;
7798024570168.0;
7798024570342.0;
7792369002803.0;
7798140257196.0;
7798140257189.0;
7500435178914.0;
7795334050250.0;
7790770602070.0;
7790770000050.0;
7798024550818.0;
7798024550511.0;
7500435185271.0;
7790250056881.0;
7791274197178.0;
7896018704398.0;
7794626001475.0;
7794626011078.0;
7794626012730.0;
7891010251024.0;
7891010247324.0;
7791984000706.0;
7792369337929.0;
7792369338063.0;
73796712020.0;
73796801182.0;
73796370213.0;
73796712228.0;
73796714420.0;
73796612429.0;
4580193651389.0;
7798028880041.0;
7794640172793.0;
7794640172816.0;
7794640173288.0;
7794640172854.0;
7794640172861.0;
7794640173382.0;
7794640173349.0;
7791984999949.0;
7791984001055.0;
99177752349.0;
7798367640252.0;