7790580119126.0;
7790580131371.0;
7790580131388.0;
7891000250211.0;
7613038074931.0;
7702026148751.0;
7702026148775.0;
7702026148737.0;
7702026148744.0;
7792640003475.0;
7792640003468.0;
7792640004601.0;
7792640001822.0;
7792640001815.0;
7792640001808.0;
7792640001167.0;
7792640001150.0;
7791293047065.0;
7791293047058.0;
7791293047072.0;
7791293046990.0;
7791293046983.0;
7791293047003.0;
7509552876482.0;
7509552902358.0;
7509552876444.0;
7509552902327.0;
7798064430293.0;
7798064430316.0;
7798064430279.0;
7891150094482.0;
7891150094390.0;
7794640173165.0;
7794640173127.0;
7794640173134.0;
7794640173097.0;
7798064430194.0;
7798034746676.0;
7798034748557.0;
7798034748564.0;
7798158489565.0;
7798034748533.0;
7794640170386.0;
7794640171772.0;
5054563054975.0;
7794640172960.0;
7896015520045.0;
7896015591106.0;
7896009498589.0;
7896009498572.0;
7896009498091.0;
7798140253181.0;
7790940000026.0;
7790940003089.0;
7790940801067.0;
7792981004506.0;
7792981070259.0;
7792981070358.0;
7792981070273.0;
7792981070204.0;
7792981070303.0;
7792981070242.0;
7792981058011.0;
7792981005039.0;
7792981005084.0;
7792981005046.0;
652217188639.0;
652217050981.0;
652217397680.0;
7798084680128.0;
7796285271749.0;
3664798059038.0;
7798024570281.0;
7796285001124.0;
7796285053109.0;
7795312108843.0;
3664798040586.0;
3664798040630.0;
7796285286460.0;
7796285286484.0;
7796285286477.0;
7795312108522.0;
7791984001109.0;
7791984001093.0;
7791984001208.0;
7795312108560.0;
7795312108584.0;
7795312108553.0;
7795312108577.0;
7795312109017.0;
7796285288976.0;
7796285286811.0;
7796285288969.0;
7796285273941.0;
7796285284565.0;
7796285290207.0;
7796285286897.0;
7798140257646.0;
3664798041521.0;
3664798041538.0;
7792369023907.0;
7792369002605.0;
7792369002346.0;
7792369004449.0;
7798032932224.0;
7798032934686.0;
7798032934297.0;
7798032934310.0;
7798032932217.0;
7798140257790.0;
7798140257783.0;
7798140251590.0;
7798140257301.0;
7794640172168.0;
7798140254430.0;
7798140256427.0;
79400301161.0;
79400052919.0;
79400300546.0;
7790250015536.0;
7790064104815.0;
7790064001954.0;
7791984001192.0;
7791984000539.0;
7794640173455.0;
7790375003012.0;
7790375003005.0;
7790375268015.0;
7796285275365.0;
7796285275372.0;
7791984001239.0;
7796285278427.0;
7796285274214.0;
7795312108928.0;
7795312108935.0;
