763571787786.0;
763571787793.0;
763571787809.0;
763571787854.0;
763571787816.0;
763571787823.0;
763571787847.0;
763571787861.0;
763571787922.0;
763571787922.0;
763571787908.0;
763571787908.0;
763571787915.0;
763571787915.0;
763571787755.0;
763571787755.0;
763571787885.0;
634301921032.0;
634301921063.0;
7713042197999.0;
608037549426.0;
608037549440.0;
641945997149.0;
7794640173110.0;
641945997279.0;
641945996937.0;
641945996463.0;
641945996371.0;
703980504468.0;
703980503935.0;
7713042197845.0;
793573989567.0;
641945996562.0;
793573989574.0;
703980503805.0;
703980504215.0;
703980504031.0;
703980504161.0;
3614225309168.0;
8411061251805.0;
8411061926093.0;
8431754342016.0;
3352818518800.0;
641945996609.0;
634301921018.0;
634301921001.0;