7798354464526.0;
7798140256656.0;
7798140256694.0;
7798140256465.0;
7798140256731.0;
7798140256779.0;
7798140256649.0;
7798140256687.0;
7798140256496.0;
7798140256724.0;
7798140256762.0;
7798140256809.0;
6001159117520.0;
6001159117506.0;
6001159117513.0;
7790299003686.0;
7790299003693.0;
7798064430583.0;
7891010251048.0;
70501051054.0;
7791519000102.0;
7791519200076.0;
7791519700699.0;
7791519702129.0;
7791519000072.0;
7791519700637.0;
7791519000096.0;
7791519001345.0;
7791519701085.0;
7791519701870.0;
7509546690285.0;
7509546688497.0;
7509546679525.0;
7509546069609.0;
7891024100431.0;
7509546061689.0;
7509546686592.0;
7791984999505.0;
7791984000294.0;
7798140256250.0;
7794207084064.0;
7791984000737.0;
7796285290733.0;
7790375270360.0;
7790375270377.0;
7798032935126.0;
8712400151993.0;
8712400152358.0;
7796285287528.0;
7796285286774.0;
7798140257455.0;
7798140257462.0;
7795368001372.0;
7795368001105.0;
7795381411585.0;
7795381001656.0;
7795381411271.0;
7795381411578.0;
7795381411387.0;
7794207084408.0;
7791984000171.0;
7792369002629.0;
7792369002391.0;
7792369002612.0;
7798140257325.0;
7798140256441.0;
8445290180087.0;
8445290615893.0;
