7798354466209.0;
7798354466162.0;
7798354466179.0;
7798354465929.0;
7798354465936.0;
7798354466025.0;
7798354466100.0;
7798354465981.0;
7798354465851.0;
7798354465844.0;
7798354462171.0;
7798354462188.0;
7798354462225.0;
7798354463215.0;
7798354463222.0;
7790064001909.0;
7798184525213.0;
6930200050021.0;
7798184523929.0;
7798184524230.0;
7798354466322.0;
7798354466308.0;
7798354466346.0;
7798354464106.0;
9875338321551.0;
9875338042050.0;
9875337753155.0;
7798354464847.0;
7798184525770.0;
7798184526210.0;
7798354464618.0;
7798354461938.0;
7798354464601.0;
7798354464632.0;
7798354464816.0;
7798354464793.0;
7798354464809.0;
7798354464625.0;
7798354464458.0;
7798184528658.0;
7798184528672.0;
7798184528665.0;
7798184528689.0;
7798354464670.0;
7798354464731.0;
7798354464724.0;
7798354464755.0;
7798354462775.0;
7798354465165.0;
7798354467008.0;
7791229153259.0;
7790940410276.0;
7790940516541.0;
7790940516527.0;
7790940516619.0;
7790940000101.0;
7790940516596.0;
7790940516640.0;
7790940410153.0;
7790940410078.0;
7790940410061.0;
7790940110077.0;
7790940000095.0;
7790940410177.0;
7790940410146.0;
7790940410245.0;
7790940410252.0;
7790940411273.0;
7790940411266.0;
7790940515551.0;
7794626011252.0;
7790375269753.0;
7790375269708.0;
7798184522465.0;
7798140256151.0;
7798140256168.0;
7798026691816.0;
7790299003716.0;
7790299003723.0;
7790299003709.0;
7790299003655.0;
7790299003662.0;
7790299003648.0;
7790375270469.0;
7790375268206.0;
7790375268220.0;
7790375268213.0;
7798184523936.0;
7798354462959.0;
7798354462973.0;
7798354462980.0;
7798354462966.0;
7798184528146.0;
7798184528245.0;
7798184528153.0;
7798184528139.0;
7798354465493.0;
7798034748601.0;
7798034741909.0;
7798034741947.0;
7790940003065.0;
7790940003034.0;
7798140254126.0;
7798140254133.0;
7798184529204.0;
7798184529891.0;
7798354461563.0;
7798354460740.0;
7798354465417.0;
7798354465387.0;
7798354463642.0;
7798354463710.0;
7792981004094.0;
7792981003516.0;
7792981002199.0;
7792981003400.0;
7792981004032.0;
7792981006012.0;
7792981003417.0;
7792981003530.0;
7792981003172.0;
7792981004049.0;
7792981001161.0;
7792981001185.0;
7792981001208.0;
7792981001031.0;
7792981001048.0;
7792981004223.0;
7793640215509.0;
7790375269463.0;
7790375269456.0;
7790375269487.0;
7790375269470.0;
7798024550726.0;
7794207084996.0;
7794207085009.0;
7795312108393.0;
7792981067051.0;
7792981067006.0;
7798097940660.0;
4086000005913.0;
7798097943517.0;
7798032934730.0;
7798032936123.0;
7798032935492.0;
7794640171208.0;
7794640172601.0;
7795381001250.0;
7795381001267.0;
7791984001222.0;
7798140257806.0;
650240010538.0;
7798140251170.0;
7796285200732.0;
7795347949435.0;
7798140257066.0;
4051895005539.0;
7792981006302.0;
7794640172786.0;
7792981068027.0;
7500435178860.0;
7500435178907.0;
7500435229593.0;
7500435229609.0;
7500435229494.0;
7500435229487.0;
7500435229517.0;
7500435229500.0;
7790010002851.0;
7790010002905.0;
7790010616805.0;
7790010002813.0;
7790010002806.0;
7790010002875.0;
7790010002820.0;
7790010002660.0;
7790010002653.0;
7790010002769.0;
7790010002615.0;
7790010002714.0;
7790010002776.0;
7790010002639.0;
7791519702525.0;
7591066701015.0;
7798184526876.0;
7798184527378.0;
7798184527392.0;
7798184528047.0;
7798354464342.0;
7798354464373.0;
7798184527460.0;
7798354461778.0;
7798354463895.0;
7798354463901.0;
7798354463918.0;
7798354465202.0;
7798354465219.0;
7798354466582.0;
7790940515025.0;
7790940000019.0;
7790940515063.0;
7790064002104.0;
7790064002173.0;
7702031244622.0;
7702031244592.0;
8445290648150.0;
7795323775416.0;
7500435237598.0;
7500435237604.0;
7500435237611.0;
7500435237642.0;
7500435237628.0;
7500435237635.0;
7500435189620.0;
7500435207553.0;
7795323775270.0;
7795323774549.0;
652217476620.0;
4580193651433.0;
7798028881697.0;
7798028882687.0;
7798028883783.0;
7798028882595.0;
7798028880768.0;
652217986969.0;
652217878912.0;
7792981004131.0;
7792981004087.0;
7794640172809.0;
7794640172830.0;
7794640172847.0;
7792981006142.0;
7792981006074.0;
7792981006098.0;
7792981004155.0;