7791229153174.0;
7791229153198.0;
7791229153235.0;
7791229003080.0;
7791229152931.0;
7791229003073.0;
7791229152924.0;
7791229000447.0;
7791229152917.0;
7791229000928.0;
7791229152948.0;
7791229153150.0;
7791229152856.0;
7791229008054.0;
7791229152788.0;
7791229000089.0;
7791229000072.0;
7791229000560.0;
7791229000577.0;
7791229000010.0;
7791229153068.0;
7791229000027.0;
7791229001673.0;
7791229152955.0;
7791229153136.0;
7791229153020.0;
7791229153013.0;
7791229153006.0;
7791229001796.0;
7791229000935.0;
7791229000034.0;
7702026192358.0;
7702026192334.0;
7792981006050.0;
7792981006036.0;
7792981006005.0;
7792981004056.0;
7792981003523.0;
7791824117991.0;
7796285277093.0;
7796285290023.0;
7793640992745.0;
7791229001710.0;
7790010002943.0;
7790010002936.0;
7790010003063.0;
7790010003209.0;
7790010003292.0;
7790010002929.0;
7790010002912.0;
7790010003216.0;
7790010002950.0;
7790010003261.0;
7790010003247.0;
7790010003162.0;
7790010002998.0;
7790010003285.0;
7500435230513.0;
7791984001154.0;
7791984000485.0;
7793640992547.0;
7793640004592.0;