7791914550868.0;
7791914551148.0;
7791914000226.0;
7798184526807.0;
7798354464427.0;
7798354464410.0;
7798354464434.0;
7798354464441.0;
7798354464465.0;
7791293050379.0;
7791293050355.0;
7791293050362.0;
7791293047515.0;
7791293047508.0;
7791293047522.0;
7791293050324.0;
7791293050331.0;
7791293047164.0;
7791293047102.0;
7791293047171.0;
7791984000331.0;
7792175010061.0;
7792175010078.0;
7792981006210.0;
7792981006241.0;
3664798051711.0;
7795381001779.0;
7795381001786.0;
7795381000222.0;
7791984001086.0;
7791984000126.0;
7796285285135.0;
7796285285999.0;
7796285286002.0;
7506306214989.0;
7891150089983.0;
7506306249974.0;
7506306249981.0;
7506306249998.0;
7791293051031.0;
7794626007149.0;
7794626013287.0;
7794626013270.0;
7794626013386.0;
7794626013355.0;
7794626013294.0;
7794626013300.0;
7794626013225.0;
7794626010217.0;
7794626011023.0;
7891010568757.0;
7613036658195.0;
7795323002444.0;
7795323002451.0;
7500435228619.0;
7500435228626.0;
7500435228633.0;
7500435228640.0;
7500435228657.0;
4015400763697.0;
7500435151511.0;
7798176000773.0;
7795323775232.0;
7795323775645.0;
7790375268916.0;
7790375268183.0;
7790375269913.0;
7790375270216.0;
7790375268909.0;
7790375268725.0;
7791984000720.0;
7790580125684.0;
7790580119614.0;
7790580130718.0;
7790580130077.0;
7790580124434.0;
7790580125592.0;
7790580125691.0;
7790580118075.0;
7790580118082.0;
7792981004186.0;