7798139075763.0;
7798139074193.0;
7896007547210.0;
7794626011122.0;
7896007552962.0;
7896007552955.0;
7794626011825.0;
7794626011818.0;
7794626011184.0;
7794626011160.0;
7896007547173.0;
7896007547128.0;
7794626011191.0;
7794626011177.0;
7798171947035.0;
7791519704406.0;
7794066000144.0;
7794066000625.0;
7798032936772.0;
7798032936765.0;
7794066000014.0;
7798032936796.0;
7798024570854.0;
7792981006203.0;
7798139074537.0;
7798139075770.0;
7798139073752.0;
7798139071338.0;
7798139072427.0;
7798139072342.0;
7798139074391.0;
7798139074322.0;
7798139070874.0;
7798139071222.0;
7798139071116.0;
7798101200421.0;
7798139072069.0;
7791984999598.0;
7798024570274.0;
7798024570175.0;
7796285051792.0;
7796285054496.0;
7798032937915.0;
7798032938028.0;
7794066000304.0;
7794066000168.0;
7798032937199.0;
7794207084453.0;
7796285279509.0;
7791984001185.0;
7794207085139.0;
7794207084910.0;
7791984001048.0;
7796285290856.0;
7796285289348.0;
7796285289331.0;
7796285289324.0;
7796285291181.0;
7796285290740.0;