7798180960285.0;
7798180960223.0;
7798180961107.0;
7798180960353.0;
7798180960278.0;
7798180960209.0;
7798180960339.0;
7798180960261.0;
7798180960193.0;
7798180960322.0;
7798180960254.0;
7798180960186.0;
7798180960315.0;
7791001009743.0;
7791001009736.0;
7791001000955.0;
7791001001198.0;
7791001003673.0;
7791001001174.0;
7791001000313.0;
7791001000320.0;
7791001001044.0;
7791001001068.0;
7791001001259.0;
7791001009828.0;
7791001000283.0;
7791001001662.0;
7791001001655.0;
7791001009163.0;
7791001009156.0;
7791001000047.0;
7791001001235.0;
7791001001211.0;
7791001002102.0;
7791001002089.0;
7791001005820.0;
7791001006513.0;
7791001000276.0;
7891150081093.0;
7891150081079.0;
7891150081086.0;
7891150079175.0;
7891150079168.0;
7891150081062.0;
7891150081048.0;
7891150081055.0;
7795312109055.0;
