99136022.0;
991350007.0;
99131041.0;
99136016.0;
7791290795792.0;
7791290795785.0;
7791290795778.0;
7790740508890.0;
7790740502393.0;
7790740502409.0;
7790740502423.0;
7790740508753.0;
7790740502416.0;
7790740508876.0;
7790740505509.0;
7790740505516.0;
7790740505530.0;
7790740508647.0;
7790740505523.0;
77903785.0;
7622300457303.0;
77903792.0;
77995681.0;
77976291.0;
7793015526056.0;
7793015525721.0;
7793015526193.0;
7793015526186.0;
7799025096299.0;
7799025091416.0;
7799025092178.0;
7799025092123.0;
7799025091980.0;
7790774345683.0;
7899026462533.0;
7899026462724.0;
7899026462717.0;
7899026462557.0;
7899026462571.0;
7899026462601.0;
7898587770651.0;
7899026462625.0;
7509552844764.0;
7899026462656.0;
7899026462663.0;
7899026462670.0;
7898587770699.0;
7898587770705.0;
7899026462687.0;
7509552844771.0;
7509552844788.0;
7509552806229.0;
7509552910940.0;
7509552910728.0;
7509552910155.0;
7509552909975.0;
7509552911077.0;
7509552911060.0;
7509552911015.0;
7509552910711.0;
7509552910704.0;
7509552910308.0;
7509552909968.0;
7509552909906.0;
7899706127097.0;
7899706127103.0;
7509552909999.0;
7509552909562.0;
7509552909555.0;
7509552909548.0;
7509552911299.0;
7509552909531.0;
7509552910384.0;
7509552910377.0;
7509552910391.0;
7509552911053.0;
7509552909920.0;
7509552910681.0;
7509552910674.0;
7793008005063.0;
7793008001614.0;
7793008019299.0;
7793008001669.0;
7793008001744.0;
7793008006237.0;
7793008019343.0;
7793008001775.0;
7793008001621.0;
7793008001638.0;
7793008001850.0;
7793008001867.0;
7793008001720.0;
7793008031703.0;
7793008001782.0;
7793008001836.0;
7793008007524.0;
7793008001652.0;
7793008001737.0;
7793008007548.0;
7793008007517.0;
7793008003267.0;
7793008001843.0;
7793008031710.0;
7793008001690.0;
7793008003281.0;
7793008001799.0;
7793008003298.0;
7793008007531.0;
7793008001676.0;
7793008001751.0;
7793008019619.0;
7793008001805.0;
7793008991724.0;
7793008001683.0;
7793008001829.0;
7793008001768.0;
7793008001713.0;
7793008001812.0;
7793008991731.0;
7793008003274.0;
7793008019671.0;
726669089414.0;
726669012290.0;
726669012252.0;
726669089391.0;
726669089674.0;
726669089667.0;
726669089636.0;
726669089629.0;
726669089599.0;
726669089582.0;
726669089568.0;
726669089544.0;
726669089537.0;
726669089520.0;
726669089490.0;
726669089483.0;
726669089452.0;
726669089445.0;
7500435229852.0;
7500435241090.0;
7500435229845.0;
7500435241069.0;
7790740000417.0;
7790740508869.0;
7790740000400.0;
7790740000394.0;
7798002902189.0;
7798002902165.0;
7798002902172.0;
7798002902158.0;
8720689012850.0;
8720689013178.0;
8720689013949.0;
7794626010330.0;
7790250054344.0;
7790250055235.0;
7790250054962.0;
7790250016182.0;
2000080101138.0;
7790250041887.0;
7790250913306.0;
7790250044208.0;
7790250040781.0;
7790250040798.0;
7794626013461.0;
7794626013454.0;
7794626013577.0;
7794626013478.0;
7794626013485.0;
8445290332318.0;
991129052024.0;