7790375269722;
7790375269678;
7790375269739;
7790375269685;
779037526976;
7790375269746;
7790375269784;
7790375269692;
7790375269753;
7790375269708;
7790375269777;
7791293050546;
7791293050577;
7791293050553;
779129305056;
7791293050584;
7791293049793;
7791293049809;
7791293049786;
7790064104662;
7790064000124;
7790064001909;
7790064002029;
779006400023;
7790064101814;
7796285120214;
7796285120191;
7795312108317;
7798008191099;
7791984000942;
7791984999826;
7791984999819;
7791984000119;
7791984000614;
7791984000072;
7798008190726;
7798008191198;
7798008190757;
7798008190733;
779800819074;
7795371459672;
7795371459603;
7500435206402;
750043520404;
7702018874781;
7500435178662;
7500435178631;
7791600099244;
779160009935;
7500435185271;
7500435189415;
7791274002649;
7791274002625;
7791274002632;
779127419797;
7791274197178;
7798095673355;
7798008190795;
7798008190801;
7798008190467;
7798023940498;
7798008190702;
7798008190719;
7798023940603;
7798023940184;
7798023940085;
7798023940528;
7798008191068;
7798143170072;
7798143170287;
779802394058;
7798008190696;
7798008191037;
7798008190764;
7798008190771;
7798008190818;
7798008191136;
7798008191143;
7798008191129;
7798008190382;
7798008190962;
7798008190979;
7795371459665;
7795371459443;
7795371459504;
7795371459627;
7798023940436;
7798143170256;
7791274201127;