7891000250365.0
7891000324202.0
70074113760.0
8710428020161.0
8710428020123.0
70074112459.0
7899026462533.0
7899026462724.0
7899026462717.0
7899026462557.0
7899026462571.0
7899026462601.0
7898587770651.0
7899026462625.0
7509552844764.0
7899026462656.0
7899026462663.0
7899026462670.0
7898587770699.0
7898587770705.0
7899026462687.0
7509552844771.0
7509552844788.0
7509552806229.0
7509552876437.0
7509552791853.0
7509552851625.0
7509552874204.0
7509552851618.0
7509552902525.0
7509552902822.0
7509552851601.0
7509552902921.0
7509552876437.0
7509552902877.0
758890941902.0
758890941872.0
758890941889.0
7891024036570.0
7891024068007.0
7891024179925.0
7793100130243.0
7891024019610.0
7793100112287.0
8718951213524.0
8718951193642.0
7891024020173.0
7891024020197.0
7891024020210.0
7891010254452.0
7793640215479.0
7795379101078.0
7790375003135.0
7790375003234.0
7790375267636.0
7790375269203.0
7795379101085.0
7791984000997.0
7791984100024.0
7791984100031.0
7793640216018.0
7793640216056.0
7798139075305.0
758890952335.0
758890952342.0
7798139075312.0
758890952359.0
7796285286903.0
7794640141713.0
7798140253426.0
7791984001079.0
7798140250425.0
7798140250432.0
7798140251781.0
7798140254225.0
7792175007474.0
7798140256557.0
7794640172786.0
7794640172779.0
7790770602070.0
7790770602186.0
7794728012560.0
7794728001519.0
7794728012553.0
7794728011174.0
7794728011273.0
7794728001120.0
7794728001229.0
7794728001465.0
7794728001472.0
7794728013833.0
7794728013727.0
7794728013840.0
7794728013741.0
7500435191753.0
7891058018634.0
7891058018702.0
7500435198097.0
7500435198110.0
7796285288730.0
7796285283100.0
7791600099138.0
7791600099022.0
7791984000492.0
7795379100811.0
7795379100248.0
7791984999918.0
7791984999925.0
7798014068040.0
