7798140257431.0;
7798140257417.0;
7798140257424.0;
7891000250211.0;
7613287392466.0;
7509552876420.0;
7509552876482.0;
7509552816204.0;
7509552815269.0;
7509552903423.0;
7509552907759.0;
7509552902341.0;
7509552902358.0;
7509552902853.0;
7509552902839.0;
7509552902860.0;
7509552902846.0;
7509552791440.0;
7509552791433.0;
7509552925906.0;
7509552925883.0;
7509552840353.0;
7509552791860.0;
7509552903416.0;
7509552193831.0;
7509552876413.0;
7509552876444.0;
7509552902112.0;
7509552902327.0;
7500435230018.0;
7500435209694.0;
7790375268398.0;
7790375268404.0;
7790375268411.0;
7790375268435.0;
7790375267766.0;
7798024570199.0;
7798024570205.0;
7794207085429.0;
7794207085436.0;
7794207084842.0;
7794207084859.0;
7794207084835.0;
7794207085238.0;
7792175010207.0;
7792175010221.0;
7794207085108.0;
7794207085115.0;
7794207085122.0;
7791519704406.0;
7791519700699.0;
7798158489565.0;
7509546686912.0;
7509546688398.0;
7798097326679.0;
7798024570854.0;
7792981062018.0;
7792981062025.0;
7792981060137.0;
7792981060120.0;
8429420175303.0;
8429420175372.0;
8429420175310.0;
8429420175327.0;
8429420175341.0;
7798028883479.0;
7790375001285.0;
7798024570717.0;
7798006302480.0;
7798006302039.0;
7796285277154.0;
7798024570809.0;
7795354033103.0;
7795354000204.0;
7795334000019.0;
7795334373656.0;
7795334000347.0;
7790375252090.0;
7798024570267.0;
7798024570359.0;
7798006300387.0;
7792369000625.0;
7798024550924.0;
7798024550573.0;
7798024550566.0;
7798024550689.0;
7798024550672.0;
7798024550849.0;
7798024550504.0;
7798024550467.0;
7798024550498.0;
7798024550863.0;
7795334050304.0;
7795334531780.0;
7796285286453.0;
7798006302374.0;
7798006302091.0;
0.0;
7796285288938.0;
7796285288907.0;
7796285279493.0;
7796285291273.0;
7798024570014.0;
7798050060152.0;
7798050061661.0;
7796285279844.0;
7796285275273.0;
7796285283087.0;
7794207084668.0;
7795354197003.0;
7795354820208.0;
7791984999475.0;
7791984000638.0;
7791984000621.0;
7798038289247.0;
7796285279806.0;
7796285292973.0;
7795334167118.0;
7795334061034.0;
7798024570052.0;
7798024570625.0;
7798024570069.0;
7798024570137.0;
7798024570373.0;
7798024570243.0;
7794207083968.0;
737186948863.0;
7796285286491.0;
7798006300059.0;
7795513274583.0;
7795513181331.0;
7794640172601.0;
7794640141911.0;
7795334000354.0;
7791984999666.0;
7791984999697.0;
7791824112743.0;
7795381000017.0;
7791824118202.0;
7795381411134.0;
7798006300868.0;
7795334245021.0;
7795513274569.0;
7798050060282.0;
7798032936734.0;
7798032936741.0;
7798050061388.0;
7798050061395.0;
7792369000212.0;
7798050061838.0;
7795334176516.0;
7795334542137.0;
7795334176523.0;
7796285275426.0;
7796285275433.0;
7796285275440.0;
7796285275457.0;
7798050064235.0;
7791984000799.0;
7791984000775.0;
7798140252900.0;
7798140252917.0;
7798140251170.0;
7798140257288.0;
7798050060671.0;
7796363002722.0;
7798050060756.0;
7794207085399.0;
7798050061586.0;
7798050061593.0;
7792175010481.0;
7792175009652.0;
7792175009645.0;
7792175009669.0;
7792175009676.0;
7792175009683.0;
7792175009706.0;
7795347949497.0;
7795347949510.0;
7795347000969.0;
7795359000865.0;
7798006302916.0;
7798050061753.0;
7798050060442.0;
7792369002568.0;
781159759246.0;
781159759253.0;
7791984001147.0;
7798050060411.0;
7798050063832.0;
7796363003798.0;
7798140250470.0;
7798050060602.0;
7798140256182.0;
650240011351.0;
7794640130830.0;
7794640170058.0;
7798024550665.0;
7798024550801.0;
7794207085306.0;
7798024570168.0;
7798024570342.0;
7792369002803.0;
7795334050250.0;
7790010002851.0;
7790010002790.0;
7790010002813.0;
7791293048512.0;
7791293048529.0;
7791293048475.0;
7791293048475.0;
7791293048505.0;
7791293048482.0;
7798024550818.0;
7798024550511.0;
7891010251024.0;
7891010254797.0;
7891010254773.0;
7891010254766.0;
7891010254803.0;
7891010254780.0;
7591066712011.0;
7591066201003.0;
7791293050614.0;
7791293050607.0;
7791293043821.0;
7891010247324.0;
7500435207560.0;
7500435207553.0;
7500435207577.0;
7791984000706.0;
73796712020.0;
73796801182.0;
73796370213.0;
73796712228.0;
73796714420.0;
73796612429.0;
4580193651433.0;
7798028881697.0;
4580193651389.0;
7790375269210.0;
7794640172793.0;
7794640173288.0;
7794640172830.0;
7794640172847.0;
7794640172861.0;
7794640173382.0;
7794640173349.0;
7790375003012.0;
7790375003005.0;
7790375268015.0;
7791984999949.0;
7791984999994.0;
7791984001055.0;
7791984000720.0;
7891010032937.0;
7500435177030.0;