7790580103361;
7792640000269;
7792640000276;
750043523007;
75004352301;
7798140254423;
7798140254416;
7798140254409;
779814025191;
7798064430194;
7798140255024;
7798140251651;
7798171947035;
7791519001253;
7891010560737;
7796285271749;
3664798059038;
7798024570175;
7798024550481;
7796285001124;
7796285053109;
3664798040586;
779628528646;
7796285286484;
7796285286477;
7795312108492;
7795312108522;
7791984001109;
7791984001093;
7791984001208;
779531210856;
7795312109017;
7796285288976;
7796285286811;
7796285288969;
7796285273941;
7796285284565;
7796285290207;
7796285286897;
779538100125;
7795381001267;
7798140257646;
7791984001222;
7791984000287;
7794640172069;
3664798041521;
3664798041538;
779182901945;
7798140258636;
7798032932224;
7798032934686;
7798032934297;
779803293431;
7798032932217;
779814025779;
7798140257783;
779814025159;
7798140257301;
7792981006302;
7790010002905;
7794728017596;
7798140256427;
7794626010217;
7500435228732;
7500435228749;
7500435228756;
7500435230513;
7500435228763;
750043522877;
7791984001192;
7791984000539;
7794640173455;
7796285275365;
7796285275372;
7791984001239;
7796285278427;
7796285274214;
7795312108935;
7793640004592;
7794640173028;
7794640171772;
5054563054975;
7896009498589;
779464017155;