7798140256656;
7798140256694;
7798140256465;
7798140256731;
7798140256779;
7798140256649;
7798140256687;
7798140256496;
7798140256724;
7798140256762;
7798140256809;
7790299003686;
7790299003693;
7791519000102;
7791519200076;
7791519700699;
7791519702129;
7791519000072;
7791519700637;
7791519000096;
7791519001345;
7791519701085;
7791519701870;
7509546690285;
7509546688497;
7509546679525;
7509546069609;
7891024100431;
7509546061689;
7509546686592;
7798140256441;
7795323775409;
8712400152358;
8712400151993;
6001159117520;
6001159117506;
6001159117513;