7798140257523;
7798140257516;
7790940410276;
7790940000101;
7790940000095;
7790940410252;
7794626011122;
7794626011825;
7794626011818;
7794626011252;
7794626011184;
779462601116;
7896007547173;
7896007547128;
7794626011191;
7794626011177;
7790375269715;
7790375269661;
7798064430293;
7798064430316;
7798064430279;
7791293050041;
7791293050263;
779129304996;
7791293050126;
77912930503;
7791293050034;
7791293050256;
7791293049953;
7791293050119;
779814025331;
7798140259381;
7798140259398;
779814025612;
779814025753;
7798140257547;
7798140257554;
7798140257592;
779814025782;
7798140257813;
7798171946397;
779817194641;
7798171946434;
7798171947141;
7791519200021;
7791519000102;
7791519001444;
7791519704185;
7791519001994;
7791519000072;
7791519700637;
7791519200069;
7791519000096;
7791519001338;
7791519701085;
779151970187;
7798034749622;
7798034748601;
7798034741909;
7798034741947;
7891024078174;
7798148274553;
7798148273266;
7798148271279;
7798148271262;
7798148271286;
7798148270357;
7798148270364;
7798148274638;
7798148274591;
7798148270074;
7798148270081;
7798148276632;
7798148276625;
7798148276649;
7798148276656;
7798148270036;
7798148270012;
7798148270043;
779814827005;
7798148270067;
7798148271309;
779814827133;
7798148271316;
7798148271293;
7798148271415;
7798148271408;
7798148274393;
7798148271361;
7798148271347;
7798148271354;
7798148271125;
7798148271118;
7798148271149;
7798148271095;
7798148271101;
7798148270975;
7798148270968;
7798148270982;
7798148270999;
7798148271002;
7798148271026;
7798148271019;
7798148271033;
779814827104;
7798148271057;
7798148270869;
779814827092;
7798148270913;
7798148270937;
7798148270944;
7798148270951;
7798148270883;
7798148277196;
7798148277189;
7798148270302;
7798148270319;
7798148270296;
7798148271682;
7798148271705;
7798148274713;
779814827472;
7798148274744;
7798148276373;
7798148271453;
779814827638;
7798148276496;
7798148276489;
7798148276502;
7798148276519;
7798148276526;
7798148277783;
7798148277776;
779814827779;
7798148270616;
7798148270104;
7798148270098;
7798148272085;
7798148271651;
7798148272115;
7798148272139;
7798148272207;
7798148272214;
7798148277172;
7798148273709;
7798148273716;
7798148273723;
7798148273747;
7798148273761;
7798148273778;
7798148275369;
7798148276144;
7798148275376;
7798148273631;
7798148273617;
7798148275314;
7798148276052;
7798148273365;
7798148273419;
7798148275246;
7798148275949;
7798148273648;
7798148273655;
7798148275338;
7798148275352;
779814827609;
7798148273426;
7798148273433;
7798148275253;
7798148276991;
7798148273549;
7798148275284;
779814827357;
7798148275291;
7798148273495;
7798148273501;
779814827667;
7798148276663;
7798148270203;
7798148270197;
779814827021;
7798148270227;
7798148276922;
7798148270166;
7798148270159;
7798148270173;
779814827018;
7798148270401;
7798148270395;
7798148270418;
7798148270425;
7798148277509;
7798148277493;
779814827625;
7798148276243;
7798148276267;
7798148276274;
7798148276281;
779814827654;
7798148276533;
7798148271521;
7798148271569;
7798148271576;
7798148270548;
7798148270531;
7798148270555;
7798148270562;
7798148270579;
7798148270494;
7798148270487;
77981482705;
7798148270517;
7798148270524;
7798148270449;
7798148270432;
7798148270456;
7798148270463;
779814827047;
7798148271385;
7798148271378;
7798148271392;
7798148277622;
7798148277639;
7798148277646;
7798148277653;
779814827766;
7798148277677;
7798148277684;
7798148277691;
7798148277707;
7798148276595;
779814827063;
7798148270623;
7798148270647;
7798148270654;
7798148271613;
7798148271606;
779814827162;
7798148271637;
7798148276946;
7798148270678;
7798148270661;
7798148270685;
7798148270692;
7798148274652;
7790940000026;
7790940003089;
7790940003065;
7790940003034;
7790940515032;
7790940801067;
7792981004094;
779298100621;
7792981006036;
7792981005084;
7793640992448;
7793640215509;
7790375269463;
7790375269456;
7790375269487;
779037526947;
7798024550726;
7795368002935;
7798140257332;
650240006647;
7794207084996;
7794207085009;
7795312108393;
779803293473;
7798032935492;
7794640172021;
779464014172;
7798140257806;
650240010538;
7793640992455;
779364099266;
7796285200732;
7795347949435;
7798140257066;
7500435229593;
7500435229609;
7500435229517;
7790770601851;
7790770602025;
7790940515025;
7790940000019;
7790940515063;
7790064002104;
7790064002173;
77953237739;
7795323773856;
7500435228619;
7500435228626;
7500435228633;
750043522864;
7500435228657;
7500435237598;
7500435237604;
7500435237611;
7500435237666;
7500435237628;
7500435237635;
7795323776161;
7795323774921;
7792981004087;
7792981004087;
7794640172809;
7794640172816;
7794640172854;
7792981006142;
7792981006074;
7792981006098;
7792981006197;
7790375268855;
7790375268862;