7791229153198.0;
7791229153235.0;
7791229003080.0;
7791229152931.0;
7791229003073.0;
7791229152924.0;
7791229152917.0;
7791229152856.0;
7791229008054.0;
7791229152788.0;
7791229000089.0;
7791229000072.0;
7791229000010.0;
7791229153068.0;
7791229000027.0;
7791229001673.0;
7791229153136.0;
7791229153020.0;
7791229153013.0;
7791229153006.0;
7791229001796.0;
7791229000935.0;
7791229000034.0;
7896007547210.0;
7500435184694.0;
7500435184649.0;
7500435188098.0;
7500435184670.0;
7500435184663.0;
7794640610998.0;
7794640173141.0;
7794640171468.0;
7794640171475.0;
7794640171277.0;
7794640173059.0;
652217188639.0;
652217050981.0;
3664798051711.0;
7795312001359.0;
7795312109130.0;
4008976681878.0;
7796285277093.0;
7796285290023.0;
7798140257196.0;
7798140257189.0;
7500435229487.0;
7500435229500.0;
7796285285135.0;
7796285285999.0;
7796285286002.0;
7791229001710.0;
7794626013287.0;
7794626013270.0;
7794626013355.0;
7794626013294.0;
7794626013300.0;
7790010002936.0;
7790010003063.0;
7790010003209.0;
7790010003292.0;
7790010002929.0;
7790010003216.0;
7790010002950.0;
7790010003261.0;
7790010003247.0;
7790010003162.0;
7790010002998.0;
7790010003285.0;
7795323002505.0;
7795323002444.0;
7795323002512.0;
7795323002451.0;
7791984001154.0;
7791984000485.0;