7702026192358;
7702026192334;
7798180960285;
7798180960223;
7798180961107;
7798180960353;
7798180960278;
7798180960209;
7798180960339;
7798180960261;
7798180960193;
7798180960322;
7798180960254;
7798180960186;
7798180960315;
7791293050379;
7791293050355;
7791293050362;
7791293047515;
7791293047508;
7791293047522;
7791293050324;
7791293050331;
7791293047164;
7791293047102;
7791293047171;
7891150064300;
7891150089952;
7506306214989;
7891150089983;
7506306249974;
7506306249981;
7506306249998;
7791293051031;
7794626007149;
7794626013287;
7794626013270;
7794626013386;
7794626013355;
7794626013294;
7794630000000;
7794626013225;
7794626010217;
7794626011023;
7500435228619;
7500435228626;
7500435228633;
7500435228640;
7500435228657;
7795323002444;
7795323002451;
7795323775232;
7795323775645;
7891010568757;
4015400763697;
7500435151511;