7891150081093;
7891150081079;
7891150081086;
7891150079175;
7891150079168;
7891150081062;
7891150081048;
7891150081055;
7794066000144;
7794066000625;
7798032936772;
7798032936765;
7794066000014;
7798024570847;
7792981006203;
7798139073707;
7798139074537;
7798139071338;
7798139072427;
7798139072342;
7798139074391;
7798139070874;
7798139071116;
7798139074698;
7791984999598;
7798024570274;
7798024570281;
7796285051792;
7796285054496;
7798032937915;
7798032938028;
7796285286767;
7795513274613;
7798032937199;
7794207000149;
7795368547368;
7796285279509;
7791984001185;
7794207084583;
7794207085061;
7794207084125;
7794207085139;
7794207084569;
779420708491;
7791984001048;
7796285290856;
7796285289348;
7796285289331;
7796285289324;
7796285291181;
779628529074;
781718838948;
7791984000881;