77903785.0
7622300835620.0
77915818.0
7622201735906.0
7622201735272.0
77995681.0
77976291.0
99114523.0
6965989894467.0
9911258.0
7793008005063.0
7793008001614.0
7793008001645.0
7793008001669.0
7793008001744.0
7793008006237.0
7793008001874.0
7793008001775.0
7793008001621.0
7793008001638.0
7793008001850.0
7793008001867.0
7793008001720.0
7793008031703.0
7793008001782.0
7793008001836.0
7793008007524.0
7793008001652.0
7793008001737.0
7793008007548.0
7793008007517.0
7793008003267.0
7793008001843.0
7793008031710.0
7793008001690.0
7793008003281.0
7793008001799.0
7793008003298.0
7793008007531.0
7793008001676.0
7793008001751.0
7793008001706.0
7793008001805.0
7793008991724.0
7793008001683.0
7793008001829.0
7793008001768.0
7793008001713.0
7793008001812.0
7793008991731.0
7793008003274.0
7793008991748.0
7790740508890.0
7790740502393.0
7790740502409.0
7790740502423.0
7790740508753.0
7790740502416.0
7790740000417.0
7790740508876.0
7790740505509.0
7790740505516.0
7790740505530.0
7790740508647.0
7790740505523.0
7790740000400.0
7790740000394.0
7798064434567.0
7791293048543.0
7791293044491.0
7791293048468.0
7791293048536.0
7794626010330.0
77987983.0
7506339334357.0
7790250054344.0
7790250055235.0
7790250016182.0
7790250056881.0
7790250041887.0
7790250913306.0
7790250044208.0
7790250040781.0
7790250040798.0
7794626011849.0
7794626011832.0
7794626012211.0
7794626011856.0
7794626011863.0
7622300457303.0
77903792.0
